839
228 604
190 82
22 161
655 151
736 81
127 109
286 419
276 152
574 202
669 375
731 360
178 287
207 99
485 12
283 28
404 547
100 29
265 80
25 32
2 1
339 322
369 514
726 423
375 290
652 761
64 96
392 304
745 664
15 437
224 72
226 155
302 607
316 67
799 336
54 29
638 161
416 304
133 80
442 507
318 298
782 66
122 541
8 19
248 501
630 451
459 48
464 409
104 191
128 13
323 660
394 70
48 108
404 124
209 658
111 136
87 104
635 621
121 105
373 170
114 96
65 28
398 26
54 243
254 532
179 77
355 512
511 690
771 182
268 582
3 12
436 530
444 452
719 694
266 285
185 537
590 586
415 581
791 511
559 507
274 361
235 100
244 296
50 61
246 157
780 89
622 180
491 231
251 390
486 510
31 631
106 241
4 8
301 439
151 304
347 311
52 196
51 66
191 222
207 550
52 28
28 812
11 201
2 75
25 48
516 480
722 250
789 384
87 126
84 154
757 459
246 372
529 201
374 197
195 401
83 176
274 131
621 470
162 14
130 219
732 514
759 470
21 802
462 455
5 2
130 52
14 209
578 141
397 214
84 40
329 197
756 81
87 70
61 80
133 205
570 835
180 300
210 110
157 271
79 113
639 584
618 58
268 77
572 548
671 626
49 41
167 24
22 420
36 357
284 670
774 588
511 25
483 25
142 657
2 7
684 10
292 164
297 301
145 19
100 632
168 610
291 197
111 9
337 591
396 81
696 505
152 465
124 21
40 168
444 525
163 52
6 17
225 737
467 178
10 22
743 278
468 453
755 13
231 93
239 442
523 705
146 88
273 492
595 14
608 703
424 172
205 309
787 16
524 615
261 445
531 384
211 646
76 734
144 184
119 24
408 305
303 611
434 66
105 232
426 318
366 428
27 4
199 650
383 27
714 109
588 169
814 243
827 182
204 58
721 561
338 536
155 72
337 124
53 230
75 180
563 335
429 14
122 749
24 73
96 165
81 38
362 778
707 66
64 497
457 730
179 495
368 214
444 522
195 20
524 382
237 754
544 494
191 220
101 214
173 42
446 6
539 138
97 493
614 162
54 198
402 46
215 141
576 322
682 402
609 501
627 305
24 1
654 572
666 178
252 130
498 122
80 110
205 379
751 180
41 157
2 4
129 152
239 206
496 766
781 637
51 13
790 519
777 698
66 792
251 3
392 443
1 123
269 279
323 203
70 227
480 272
535 512
335 79
40 31
553 102
481 22
346 17
540 242
169 18
229 807
259 489
784 449
30 46
267 92
589 281
99 242
314 349
355 181
517 269
167 181
144 477
78 254
59 202
488 474
187 15
414 288
473 251
620 54
288 37
130 192
717 11
152 172
76 7
90 53
828 425
188 359
223 565
798 654
221 662
803 598
593 72
256 681
447 218
218 14
249 52
71 39
101 58
234 70
296 735
240 172
108 194
225 474
358 562
156 15
368 503
166 764
76 85
40 106
125 765
55 725
333 606
487 72
54 115
460 102
678 588
225 297
360 239
579 584
59 88
753 797
132 29
674 700
22 99
664 694
118 182
508 387
729 838
472 557
94 25
702 436
7 303
93 643
494 421
155 431
49 139
347 543
616 599
253 648
178 603
295 695
292 809
25 35
82 72
509 299
162 656
33 22
554 547
342 444
364 801
273 805
316 644
455 723
34 19
775 741
484 471
88 244
659 375
112 42
29 8
2 3
244 387
211 277
599 390
623 733
83 466
282 225
32 602
62 689
185 71
154 208
214 317
837 302
90 206
55 95
338 98
435 415
147 82
91 62
247 158
654 783
561 373
58 28
16 30
477 500
785 210
677 494
402 613
75 794
108 796
49 151
329 567
504 201
366 163
5 16
141 71
446 564
52 520
608 724
63 32
10 8
120 107
11 14
31 673
46 98
8 199
753 649
280 36
5 412
358 13
91 558
333 800
634 625
385 165
19 23
133 566
282 320
104 545
129 625
450 442
351 280
523 551
11 3
640 306
585 194
301 321
441 20
46 89
200 48
610 715
305 410
262 260
667 245
291 451
8 78
281 226
164 10
371 144
420 555
706 520
125 119
339 831
9 278
57 149
535 605
232 270
341 57
19 79
596 166
86 3
834 280
740 454
92 679
329 367
46 188
179 380
448 321
145 312
122 213
298 326
710 75
836 724
405 463
376 198
37 57
653 281
221 197
245 728
44 720
253 217
315 107
804 808
99 417
21 26
74 449
455 391
39 212
36 10
120 333
264 226
131 87
294 46
832 33
328 59
425 3
59 50
637 440
383 661
293 570
628 59
397 542
44 28
92 10
479 170
115 668
93 334
15 261
87 343
62 64
409 41
412 421
229 513
55 62
306 418
101 256
250 526
813 378
162 691
166 136
518 418
506 427
170 817
273 626
430 138
28 255
522 549
500 546
592 497
35 83
271 461
534 428
673 760
573 112
353 486
56 298
499 431
80 478
223 71
4 39
330 33
138 144
260 111
776 41
72 238
102 60
159 356
676 496
355 552
64 568
399 405
298 683
189 10
504 767
138 63
692 90
647 400
1 77
406 264
810 9
282 302
109 92
18 15
697 257
515 345
316 407
171 140
818 64
69 60
298 779
21 7
523 93
729 584
174 127
57 245
17 134
675 480
153 47
420 470
686 609
445 617
395 117
829 283
94 105
73 118
93 259
388 54
708 24
20 41
399 275
37 29
15 7
340 436
259 482
91 211
63 816
502 131
458 454
580 212
72 150
263 527
233 331
312 344
67 685
740 772
142 250
511 571
375 693
162 322
340 825
340 323
427 210
74 577
711 695
305 314
136 471
98 680
284 268
306 384
56 159
31 12
636 339
41 148
195 313
819 779
47 33
180 307
422 251
176 454
336 150
121 432
189 742
6 25
160 5
663 308
112 619
377 251
651 227
266 136
100 293
200 342
646 738
334 403
674 148
353 240
98 521
519 87
348 118
747 103
583 349
72 129
105 440
476 226
116 12
288 345
196 746
106 642
50 48
237 820
6 3
103 170
317 687
762 253
830 215
85 601
496 181
18 286
528 806
236 698
770 111
538 466
193 78
12 60
34 183
587 39
718 583
67 65
50 178
229 72
350 179
804 122
456 380
225 193
415 210
236 85
839 676
90 752
21 45
339 811
61 137
739 537
533 24
289 768
332 170
194 413
271 295
103 69
378 712
559 575
364 345
354 5
15 122
748 455
579 217
158 248
185 275
475 63
33 72
155 305
107 77
240 586
310 97
26 769
280 664
824 516
763 703
41 289
22 352
70 59
10 269
293 362
585 608
415 701
93 78
741 208
202 325
472 452
260 505
773 41
456 665
561 786
162 273
438 413
699 162
290 176
216 411
68 48
28 18
155 370
363 283
652 44
175 132
67 228
381 330
560 424
17 378
453 279
328 793
258 197
569 419
309 433
10 319
813 833
822 105
117 77
750 714
325 391
43 15
205 594
83 597
1 758
373 386
423 310
66 142
645 616
7 42
306 9
393 230
73 629
600 569
53 55
457 77
98 216
143 99
9 4
672 154
20 3
70 649
713 135
598 535
368 641
308 172
76 324
327 296
12 203
823 574
139 177
272 66
688 475
74 24
120 158
